20130101,9.6,12.8
20130102,3.8,10.1
20130103,-2.2,7.0
20130104,-3.7,11.8
20130105,-1.1,8.6
20130106,1.9,10.5
20130107,-0.1,13.4
20130108,1.4,16.2
20130109,12.4,17.8
20130110,16.2,20.0
20130111,14.4,22.4
20130112,17.1,23.7
20130113,15.5,22.8
20130114,5.0,15.5
20130115,6.9,12.2
20130116,6.7,11.8
20130117,1.1,6.7
20130118,-0.9,11.9
20130119,-3.1,14.5
20130120,-1.0,17.4
20130121,-0.4,15.5
20130122,-1.8,9.8
20130123,-2.0,12.4
20130124,6.9,17.4
20130125,8.0,20.4
20130126,6.6,14.6
20130127,5.5,19.5
20130128,8.3,18.7
20130129,9.8,23.6
20130130,4.5,21.7
20130131,-0.1,10.8
20130201,-2.7,7.8
20130202,-3.5,16.1
20130203,-0.7,15.9
20130204,-1.1,11.9
20130205,3.5,20.0
20130206,7.9,21.1
20130207,9.3,13.1
20130208,2.8,12.4
20130209,-1.6,17.3
20130210,7.5,15.5
20130211,9.8,14.8
20130212,7.0,10.0
20130213,3.2,10.3
20130214,0.7,13.9
20130215,-0.4,17.0
20130216,-0.8,8.6
20130217,-5.8,10.3
20130218,-2.1,16.5
20130219,3.9,15.1
20130220,-2.4,10.1
20130221,0.8,17.5
20130222,9.7,13.1
20130223,5.5,13.7
20130224,0.5,19.0
20130225,7.3,11.8
20130226,6.8,12.2
20130227,1.4,15.5
20130228,1.8,10.8
20130301,0.1,8.3
20130302,0.8,3.9
20130303,-2.4,8.2
20130304,-3.3,17.7
20130305,1.2,20.1
20130306,0.6,7.7
20130307,-0.3,15.2
20130308,-0.5,19.3
20130309,-9999.0,-9999.0
20130310,11.9,23.7
20130311,4.7,15.9
20130312,1.3,15.3
20130313,-0.6,14.6
20130314,0.0,15.2
20130315,1.3,23.5
20130316,7.2,24.0
20130317,8.0,21.3
20130318,12.4,26.1
20130319,7.6,19.6
20130320,6.5,16.0
20130321,1.7,11.2
20130322,4.7,8.7
20130323,8.5,17.0
20130324,5.3,16.6
20130325,0.9,10.0
20130326,-1.3,6.9
20130327,-3.3,13.6
20130328,-0.4,19.0
20130329,1.7,22.3
20130330,8.3,23.5
20130331,14.5,21.1
20130401,9.6,23.2
20130402,7.1,22.2
20130403,8.3,14.2
20130404,7.2,10.3
20130405,5.7,19.1
20130406,3.2,23.3
20130407,5.7,24.5
20130408,13.9,26.4
20130409,14.7,28.8
20130410,12.2,29.1
20130411,14.5,26.3
20130412,8.1,20.5
20130413,6.7,24.6
20130414,9.3,15.8
20130415,14.0,24.2
20130416,17.8,28.6
20130417,17.4,28.2
20130418,17.0,27.2
20130419,6.4,22.1
20130420,2.8,18.3
20130421,3.9,22.0
20130422,9.9,23.0
20130423,10.9,24.1
20130424,11.4,20.8
20130425,6.2,21.0
20130426,4.2,26.2
20130427,10.5,26.9
20130428,15.6,23.2
20130429,11.8,24.9
20130430,9.7,27.3
20130501,16.8,21.3
20130502,16.4,20.4
20130503,7.7,22.3
20130504,5.7,15.7
20130505,3.9,15.6
20130506,7.2,18.0
20130507,10.4,21.1
20130508,8.8,25.6
20130509,11.5,27.8
20130510,15.3,23.4
20130511,14.2,24.6
20130512,7.8,21.2
20130513,5.3,22.4
20130514,8.5,27.5
20130515,12.8,29.6
20130516,16.4,27.9
20130517,17.1,28.0
20130518,20.7,27.3
20130519,18.6,28.7
20130520,17.6,29.5
20130521,17.3,31.7
20130522,-9999.0,-9999.0
20130523,16.0,30.3
20130524,11.1,26.2
20130525,9.7,27.8
20130526,12.1,30.3
20130527,13.6,30.5
20130528,14.2,30.9
20130529,17.4,30.9
20130530,20.0,30.1
20130531,20.4,30.2
20130601,19.1,31.1
20130602,20.5,29.4
20130603,19.0,29.4
20130604,18.4,31.8
20130605,20.8,31.2
20130606,19.3,27.5
20130607,17.6,26.4
20130608,17.5,28.9
20130609,21.5,28.1
20130610,21.7,29.7
20130611,22.6,33.1
20130612,21.3,34.1
20130613,20.1,33.7
20130614,17.1,30.5
20130615,15.5,32.1
